HIEROBJ  EWORLD                                             NONE                
ROOT                                                                            
1.0000000000000E+00 0.000000000000E+00  0.000000000000E+00  0.000000000000E+00  
0.000000000000E+00  1.0000000000000E+00 0.000000000000E+00  0.000000000000E+00  
0.000000000000E+00  0.000000000000E+00  1.0000000000000E+00 0.000000000000E+00  
0.000000000000E+00  0.000000000000E+00  0.000000000000E+00  1.0000000000000E+00 
HIEROBJ  EHIEROBJECT1                                       NONE                
BODYNCBF  WORLD                                   BODY1                         
1.0000000000000E+00 0.000000000000E+00  0.000000000000E+00  0.000000000000E+00  
0.000000000000E+00  1.0000000000000E+00 0.000000000000E+00  0.000000000000E+00  
0.000000000000E+00  0.000000000000E+00  1.0000000000000E+00 0.000000000000E+00  
0.000000000000E+00  0.000000000000E+00  0.000000000000E+00  1.0000000000000E+00 
HIEROBJ  EHIEROBJECT2                                       NONE                
CGTRIAD   HIEROBJECT1                                                           
-8.639185400189E-04 9.9538862238807E-01 9.5920509095469E-02 0.000000000000E+00  
9.9999733679888E-01 1.0652129384289E-03 -2.047368200550E-03 0.000000000000E+00  
-2.140102780016E-03 9.5918484880514E-02 -9.953868917252E-01 0.000000000000E+00  
1.0023842361000E-01 6.3261670510000E-02 5.7980249266000E-01 1.0000000000000E+00 
HIEROBJ  EHIEROBJECT3                                       NONE                
BODYNCBF  WORLD                                   BODY2                         
1.0000000000000E+00 0.000000000000E+00  0.000000000000E+00  0.000000000000E+00  
0.000000000000E+00  1.0000000000000E+00 0.000000000000E+00  0.000000000000E+00  
0.000000000000E+00  0.000000000000E+00  1.0000000000000E+00 0.000000000000E+00  
0.000000000000E+00  0.000000000000E+00  0.000000000000E+00  1.0000000000000E+00 
HIEROBJ  EHIEROBJECT4                                       NONE                
CGTRIAD   HIEROBJECT3                                                           
9.9996317353016E-01 7.9635000010350E-07 -8.582050037991E-03 0.000000000000E+00  
-5.063603213301E-07 9.9999999942891E-01 3.3792430071826E-05 0.000000000000E+00  
8.5820500600002E-03 -3.378684000630E-05 9.9996317295949E-01 0.000000000000E+00  
6.6665606950000E-02 7.8415873170000E-02 3.7248936411000E-01 1.0000000000000E+00 
HIEROBJ  EHIEROBJECT5                                       NONE                
BODYNCBF  WORLD                                   BODY3                         
1.0000000000000E+00 0.000000000000E+00  0.000000000000E+00  0.000000000000E+00  
0.000000000000E+00  1.0000000000000E+00 0.000000000000E+00  0.000000000000E+00  
0.000000000000E+00  0.000000000000E+00  1.0000000000000E+00 0.000000000000E+00  
0.000000000000E+00  0.000000000000E+00  0.000000000000E+00  1.0000000000000E+00 
HIEROBJ  EHIEROBJECT6                                       NONE                
CGTRIAD   HIEROBJECT5                                                           
9.2999300066766E-06 9.9999999995420E-01 2.2599586457336E-06 0.000000000000E+00  
9.9999999994150E-01 -9.299917523991E-06 -5.523360997524E-06 0.000000000000E+00  
-5.523339979842E-06 2.2600100124720E-06 -9.999999999822E-01 0.000000000000E+00  
1.0039649236000E-01 7.8416108030000E-02 2.6882411073000E-01 1.0000000000000E+00 
HIEROBJ  EHIEROBJECT7                                       NONE                
BODYNCBF  WORLD                                   BODY4                         
1.0000000000000E+00 0.000000000000E+00  0.000000000000E+00  0.000000000000E+00  
0.000000000000E+00  1.0000000000000E+00 0.000000000000E+00  0.000000000000E+00  
0.000000000000E+00  0.000000000000E+00  1.0000000000000E+00 0.000000000000E+00  
0.000000000000E+00  0.000000000000E+00  0.000000000000E+00  1.0000000000000E+00 
HIEROBJ  EHIEROBJECT8                                       NONE                
CGTRIAD   HIEROBJECT7                                                           
3.8031282982374E-02 9.9801828491990E-01 -5.013107300134E-02 0.000000000000E+00  
4.9896432447982E-01 2.4499650876433E-02 8.6627615112234E-01 0.000000000000E+00  
8.6578763239672E-01 -5.795921041978E-02 -4.970437661981E-01 0.000000000000E+00  
7.1788889600000E-03 8.6140536580000E-02 1.8745399760000E-01 1.0000000000000E+00 
HIEROBJ  EHIEROBJECT9                                       NONE                
BODYNCBF  WORLD                                   BODY5                         
1.0000000000000E+00 0.000000000000E+00  0.000000000000E+00  0.000000000000E+00  
0.000000000000E+00  1.0000000000000E+00 0.000000000000E+00  0.000000000000E+00  
0.000000000000E+00  0.000000000000E+00  1.0000000000000E+00 0.000000000000E+00  
0.000000000000E+00  0.000000000000E+00  0.000000000000E+00  1.0000000000000E+00 
HIEROBJ  EHIEROBJECT10                                      NONE                
CGTRIAD   HIEROBJECT9                                                           
1.0000000000000E+00 0.000000000000E+00  0.000000000000E+00  0.000000000000E+00  
0.000000000000E+00  1.0000000000000E+00 0.000000000000E+00  0.000000000000E+00  
0.000000000000E+00  0.000000000000E+00  1.0000000000000E+00 0.000000000000E+00  
0.000000000000E+00  0.000000000000E+00  0.000000000000E+00  1.0000000000000E+00 
HIEROBJ  EHIEROBJECT11                                      NONE                
JFCTRIAD  HIEROBJECT1                                                           
-8.639185400188E-04 9.9538862238807E-01 9.5920509095469E-02 0.000000000000E+00  
9.9999733679888E-01 1.0652129384288E-03 -2.047368200550E-03 0.000000000000E+00  
-2.140102780016E-03 9.5918484880514E-02 -9.953868917252E-01 0.000000000000E+00  
0.000000000000E+00  0.000000000000E+00  0.000000000000E+00  1.0000000000000E+00 
HIEROBJ  EHIEROBJECT12                                      NONE                
JFCTRIAD  HIEROBJECT1                                                           
-8.639185400188E-04 9.9538862238807E-01 9.5920509095469E-02 0.000000000000E+00  
9.9999733679888E-01 1.0652129384288E-03 -2.047368200550E-03 0.000000000000E+00  
-2.140102780016E-03 9.5918484880514E-02 -9.953868917252E-01 0.000000000000E+00  
1.0023842361000E-01 6.3261670510000E-02 5.7980249266000E-01 1.0000000000000E+00 
HIEROBJ  EHIEROBJECT13                                      NONE                
JFCTRIAD  HIEROBJECT1                                                           
2.2204460492503E-16 0.000000000000E+00  -1.000000000000E+00 0.000000000000E+00  
0.000000000000E+00  1.0000000000000E+00 0.000000000000E+00  0.000000000000E+00  
1.0000000000000E+00 0.000000000000E+00  2.2204460492503E-16 0.000000000000E+00  
7.8997136611947E-02 7.8415919930106E-02 4.1115227482625E-01 1.0000000000000E+00 
HIEROBJ  EHIEROBJECT14                                      NONE                
JFCTRIAD  HIEROBJECT1                                                           
1.0000000000000E+00 0.000000000000E+00  0.000000000000E+00  0.000000000000E+00  
0.000000000000E+00  1.0000000000000E+00 0.000000000000E+00  0.000000000000E+00  
0.000000000000E+00  0.000000000000E+00  1.0000000000000E+00 0.000000000000E+00  
1.0039713661195E-01 7.8415919930106E-02 3.5865227482625E-01 1.0000000000000E+00 
HIEROBJ  EHIEROBJECT15                                      NONE                
JFCTRIAD  HIEROBJECT3                                                           
9.9996317353016E-01 7.9635000010350E-07 -8.582050037991E-03 0.000000000000E+00  
-5.063603213301E-07 9.9999999942891E-01 3.3792430071826E-05 0.000000000000E+00  
8.5820500600002E-03 -3.378684000630E-05 9.9996317295949E-01 0.000000000000E+00  
0.000000000000E+00  0.000000000000E+00  0.000000000000E+00  1.0000000000000E+00 
HIEROBJ  EHIEROBJECT16                                      NONE                
JFCTRIAD  HIEROBJECT3                                                           
9.9996317353016E-01 7.9635000010958E-07 -8.582050037991E-03 0.000000000000E+00  
-5.063603213361E-07 9.9999999942891E-01 3.3792430071830E-05 0.000000000000E+00  
8.5820500600002E-03 -3.378684000631E-05 9.9996317295949E-01 0.000000000000E+00  
6.6665606950000E-02 7.8415873170000E-02 3.7248936411000E-01 1.0000000000000E+00 
HIEROBJ  EHIEROBJECT17                                      NONE                
JFCTRIAD  HIEROBJECT3                                                           
2.2204460492503E-16 0.000000000000E+00  -1.000000000000E+00 0.000000000000E+00  
0.000000000000E+00  1.0000000000000E+00 0.000000000000E+00  0.000000000000E+00  
1.0000000000000E+00 0.000000000000E+00  2.2204460492503E-16 0.000000000000E+00  
7.8997136611947E-02 7.8415919930106E-02 4.1115227482625E-01 1.0000000000000E+00 
HIEROBJ  EHIEROBJECT18                                      NONE                
JFCTRIAD  HIEROBJECT3                                                           
2.2204460492503E-16 0.000000000000E+00  -1.000000000000E+00 0.000000000000E+00  
0.000000000000E+00  1.0000000000000E+00 0.000000000000E+00  0.000000000000E+00  
1.0000000000000E+00 0.000000000000E+00  2.2204460492503E-16 0.000000000000E+00  
3.4832127043941E-02 7.8415919930106E-02 3.7115227482625E-01 1.0000000000000E+00 
HIEROBJ  EHIEROBJECT19                                      NONE                
JFCTRIAD  HIEROBJECT5                                                           
9.2999300067564E-06 9.9999999995420E-01 2.2599586458146E-06 0.000000000000E+00  
9.9999999994150E-01 -9.299917524071E-06 -5.523360997524E-06 0.000000000000E+00  
-5.523339979842E-06 2.2600100125531E-06 -9.999999999822E-01 0.000000000000E+00  
0.000000000000E+00  0.000000000000E+00  0.000000000000E+00  1.0000000000000E+00 
HIEROBJ  EHIEROBJECT20                                      NONE                
JFCTRIAD  HIEROBJECT5                                                           
9.2999300067564E-06 9.9999999995420E-01 2.2599586458118E-06 0.000000000000E+00  
9.9999999994150E-01 -9.299917524071E-06 -5.523360997525E-06 0.000000000000E+00  
-5.523339979843E-06 2.2600100125503E-06 -9.999999999822E-01 0.000000000000E+00  
1.0039649236000E-01 7.8416108030000E-02 2.6882411073000E-01 1.0000000000000E+00 
HIEROBJ  EHIEROBJECT21                                      NONE                
JFCTRIAD  HIEROBJECT5                                                           
2.2204460492503E-16 0.000000000000E+00  1.0000000000000E+00 0.000000000000E+00  
0.000000000000E+00  1.0000000000000E+00 0.000000000000E+00  0.000000000000E+00  
-1.000000000000E+00 0.000000000000E+00  2.2204460492503E-16 0.000000000000E+00  
1.5039713661195E-01 7.8417040053549E-02 2.2250977837251E-01 1.0000000000000E+00 
HIEROBJ  EHIEROBJECT22                                      NONE                
JFCTRIAD  HIEROBJECT5                                                           
1.0000000000000E+00 0.000000000000E+00  0.000000000000E+00  0.000000000000E+00  
0.000000000000E+00  1.0000000000000E+00 0.000000000000E+00  0.000000000000E+00  
0.000000000000E+00  0.000000000000E+00  1.0000000000000E+00 0.000000000000E+00  
1.0039713661195E-01 7.8415919930106E-02 4.2950977837251E-01 1.0000000000000E+00 
HIEROBJ  EHIEROBJECT23                                      NONE                
JFCTRIAD  HIEROBJECT7                                                           
3.8031282982374E-02 9.9801828491990E-01 -5.013107300134E-02 0.000000000000E+00  
4.9896432447982E-01 2.4499650876433E-02 8.6627615112234E-01 0.000000000000E+00  
8.6578763239672E-01 -5.795921041978E-02 -4.970437661981E-01 0.000000000000E+00  
0.000000000000E+00  0.000000000000E+00  0.000000000000E+00  1.0000000000000E+00 
HIEROBJ  EHIEROBJECT24                                      NONE                
JFCTRIAD  HIEROBJECT7                                                           
3.8031282982374E-02 9.9801828491990E-01 -5.013107300134E-02 0.000000000000E+00  
4.9896432447982E-01 2.4499650876433E-02 8.6627615112234E-01 0.000000000000E+00  
8.6578763239672E-01 -5.795921041978E-02 -4.970437661981E-01 0.000000000000E+00  
7.1788889600000E-03 8.6140536580000E-02 1.8745399760000E-01 1.0000000000000E+00 
HIEROBJ  EHIEROBJECT25                                      NONE                
JFCTRIAD  HIEROBJECT7                                                           
1.0000000000000E+00 0.000000000000E+00  0.000000000000E+00  0.000000000000E+00  
0.000000000000E+00  1.0000000000000E+00 0.000000000000E+00  0.000000000000E+00  
0.000000000000E+00  0.000000000000E+00  1.0000000000000E+00 0.000000000000E+00  
-1.028633880617E-04 8.1246221648475E-02 1.0400977837251E-01 1.0000000000000E+00 
HIEROBJ  EHIEROBJECT26                                      NONE                
JFCTRIAD  HIEROBJECT7                                                           
2.2204460492503E-16 0.000000000000E+00  1.0000000000000E+00 0.000000000000E+00  
0.000000000000E+00  1.0000000000000E+00 0.000000000000E+00  0.000000000000E+00  
-1.000000000000E+00 0.000000000000E+00  2.2204460492503E-16 0.000000000000E+00  
1.5039713661195E-01 7.8417040053549E-02 2.2250977837251E-01 1.0000000000000E+00 
HIEROBJ  EHIEROBJECT27                                      NONE                
JFCTRIAD  HIEROBJECT7                                                           
2.2204460492503E-16 0.000000000000E+00  -1.000000000000E+00 0.000000000000E+00  
0.000000000000E+00  1.0000000000000E+00 0.000000000000E+00  0.000000000000E+00  
1.0000000000000E+00 0.000000000000E+00  2.2204460492503E-16 0.000000000000E+00  
3.3832127043941E-02 7.8415919930106E-02 3.7115227482625E-01 1.0000000000000E+00 
HIEROBJ  EHIEROBJECT28                                      NONE                
JFCTRIAD  HIEROBJECT9                                                           
1.0000000000000E+00 0.000000000000E+00  0.000000000000E+00  0.000000000000E+00  
0.000000000000E+00  1.0000000000000E+00 0.000000000000E+00  0.000000000000E+00  
0.000000000000E+00  0.000000000000E+00  1.0000000000000E+00 0.000000000000E+00  
-1.028633880617E-04 8.1246221648475E-02 1.0400977837251E-01 1.0000000000000E+00 
HIEROBJ  EHIEROBJECT29                                      NONE                
JFCTRIAD  HIEROBJECT9                                                           
1.0000000000000E+00 0.000000000000E+00  0.000000000000E+00  0.000000000000E+00  
0.000000000000E+00  1.0000000000000E+00 0.000000000000E+00  0.000000000000E+00  
0.000000000000E+00  0.000000000000E+00  1.0000000000000E+00 0.000000000000E+00  
0.000000000000E+00  0.000000000000E+00  0.000000000000E+00  1.0000000000000E+00 
NAMEMAP   WORLD               5    5    UTF8 UTF8 ELEMENT                       
WORLD                                                                           
WORLD                                                                           
NAMEMAP   HIEROBJECT1         14   14   UTF8 UTF8 ELEMENT                       
B002/B002_NCBF                                                                  
B002/B002_NCBF                                                                  
NAMEMAP   HIEROBJECT2         12   12   UTF8 UTF8 ELEMENT                       
B002/B002_cm                                                                    
B002/B002_cm                                                                    
NAMEMAP   HIEROBJECT3         14   14   UTF8 UTF8 ELEMENT                       
B003/B003_NCBF                                                                  
B003/B003_NCBF                                                                  
NAMEMAP   HIEROBJECT4         12   12   UTF8 UTF8 ELEMENT                       
B003/B003_cm                                                                    
B003/B003_cm                                                                    
NAMEMAP   HIEROBJECT5         14   14   UTF8 UTF8 ELEMENT                       
B004/B004_NCBF                                                                  
B004/B004_NCBF                                                                  
NAMEMAP   HIEROBJECT6         12   12   UTF8 UTF8 ELEMENT                       
B004/B004_cm                                                                    
B004/B004_cm                                                                    
NAMEMAP   HIEROBJECT7         14   14   UTF8 UTF8 ELEMENT                       
B005/B005_NCBF                                                                  
B005/B005_NCBF                                                                  
NAMEMAP   HIEROBJECT8         12   12   UTF8 UTF8 ELEMENT                       
B005/B005_cm                                                                    
B005/B005_cm                                                                    
NAMEMAP   HIEROBJECT9         26   26   UTF8 UTF8 ELEMENT                       
the_ground/the_ground_NCBF                                                      
the_ground/the_ground_NCBF                                                      
NAMEMAP   HIEROBJECT10        13   13   UTF8 UTF8 ELEMENT                       
the_ground_cm                                                                   
the_ground_cm                                                                   
NAMEMAP   HIEROBJECT11        13   13   UTF8 UTF8 ELEMENT                       
B002/B002_coi                                                                   
B002/B002_coi                                                                   
NAMEMAP   HIEROBJECT12        13   13   UTF8 UTF8 ELEMENT                       
B002/B002_com                                                                   
B002/B002_com                                                                   
NAMEMAP   HIEROBJECT13        6    11   UTF8 UTF8 ELEMENT                       
15/113                                                                          
B002/J003_i                                                                     
NAMEMAP   HIEROBJECT14        6    11   UTF8 UTF8 ELEMENT                       
15/162                                                                          
B002/J005_j                                                                     
NAMEMAP   HIEROBJECT15        13   13   UTF8 UTF8 ELEMENT                       
B003/B003_coi                                                                   
B003/B003_coi                                                                   
NAMEMAP   HIEROBJECT16        13   13   UTF8 UTF8 ELEMENT                       
B003/B003_com                                                                   
B003/B003_com                                                                   
NAMEMAP   HIEROBJECT17        6    11   UTF8 UTF8 ELEMENT                       
27/114                                                                          
B003/J003_j                                                                     
NAMEMAP   HIEROBJECT18        6    11   UTF8 UTF8 ELEMENT                       
27/137                                                                          
B003/J004_i                                                                     
NAMEMAP   HIEROBJECT19        13   13   UTF8 UTF8 ELEMENT                       
B004/B004_coi                                                                   
B004/B004_coi                                                                   
NAMEMAP   HIEROBJECT20        13   13   UTF8 UTF8 ELEMENT                       
B004/B004_com                                                                   
B004/B004_com                                                                   
NAMEMAP   HIEROBJECT21        5    11   UTF8 UTF8 ELEMENT                       
39/89                                                                           
B004/J002_i                                                                     
NAMEMAP   HIEROBJECT22        6    11   UTF8 UTF8 ELEMENT                       
39/161                                                                          
B004/J005_i                                                                     
NAMEMAP   HIEROBJECT23        13   13   UTF8 UTF8 ELEMENT                       
B005/B005_coi                                                                   
B005/B005_coi                                                                   
NAMEMAP   HIEROBJECT24        13   13   UTF8 UTF8 ELEMENT                       
B005/B005_com                                                                   
B005/B005_com                                                                   
NAMEMAP   HIEROBJECT25        5    11   UTF8 UTF8 ELEMENT                       
51/72                                                                           
B005/J001_i                                                                     
NAMEMAP   HIEROBJECT26        5    11   UTF8 UTF8 ELEMENT                       
51/90                                                                           
B005/J002_j                                                                     
NAMEMAP   HIEROBJECT27        6    11   UTF8 UTF8 ELEMENT                       
51/138                                                                          
B005/J004_j                                                                     
NAMEMAP   HIEROBJECT28        4    17   UTF8 UTF8 ELEMENT                       
2/73                                                                            
the_ground/J001_j                                                               
NAMEMAP   HIEROBJECT29        1    14   UTF8 UTF8 ELEMENT                       
1                                                                               
the_ground/gnd                                                                  
NAMEMAP   CURRENT_DIRECTORY   92   0    UTF8 UTF8 FILE                          
D:\MainFolder\Programs\Mechanics & Machines\IgorMAMfiles\mamcw.prj\Model\Iter3\m
ech_assembly                                                                    
SYSTEM   GMETER               DYNAMIC             SPARSE    FULL_NCBF      TRUE 
9.8066500000000E+00 0.000000000000E+00  0.000000000000E+00  -1.000000000000E+00 
1.0000000000000E+00 0.000000000000E+00  1.0000000000000E+01 1.0000000000000E-04 
1.0000000000000E-09 1.0000000000000E-03 NULL_FALSEBINARY_ONLFALSEKILOGNEWTO    1
NONE                NONE                    1NONE                TRUE ITERAFALSE
NONE                NONE                                                        
NONE                                                                            
HEADER                                                                          
SET_IASIZE =    5000000;                                                        
SET_DASIZE =    5000000;                                                        
SDK_BUILD_INFO = RC2206_6000 2022-09-14                                         
END                                                                             
DYNAMIC  ETRUE      INTERPOLATED        GLOBAL    BDF           1     HARWELL   
5.0000000000000E-02 1.0000000000000E-03 1.0000000000000E-03 1.0000000000000E-03 
NONE                QR       1TRUE                                              
PRELOAD  F          0.000000000000E+00      0                                   
NONE                                                                            
NONE                                                                            
NCBF     EBODY1_REF           BODY1               PARAMETERSPOSITIVE            
HIEROBJECT1                                                                     
0.000000000000E+00  0.000000000000E+00  0.000000000000E+00                      
BODY     EBODY1               POSITIVE  PARAMETERSFALSEFALSEFALSEFALSE          
NONE                NONE                NONE                                    
NONE                NONE                NONE                                    
HIEROBJECT2                                                                     
0.000000000000E+00  0.000000000000E+00  0.000000000000E+00                      
8.4271685204000E-01 1.1939323420000E-02 1.1664899220000E-02 5.9564220000000E-04 
0.000000000000E+00  0.000000000000E+00  0.000000000000E+00                      
0.000000000000E+00  0.000000000000E+00  0.000000000000E+00  FALSE               
0.000000000000E+00  0.000000000000E+00  0.000000000000E+00                      
NCBF     EBODY2_REF           BODY2               PARAMETERSPOSITIVE            
HIEROBJECT3                                                                     
0.000000000000E+00  0.000000000000E+00  0.000000000000E+00                      
BODY     EBODY2               POSITIVE  PARAMETERSFALSEFALSEFALSEFALSE          
NONE                NONE                NONE                                    
NONE                NONE                NONE                                    
HIEROBJECT4                                                                     
0.000000000000E+00  0.000000000000E+00  0.000000000000E+00                      
1.2476793275600E+00 1.8307313500000E-03 1.0838412100000E-03 1.0229541100000E-03 
0.000000000000E+00  0.000000000000E+00  0.000000000000E+00                      
0.000000000000E+00  0.000000000000E+00  0.000000000000E+00  FALSE               
0.000000000000E+00  0.000000000000E+00  0.000000000000E+00                      
NCBF     EBODY3_REF           BODY3               PARAMETERSPOSITIVE            
HIEROBJECT5                                                                     
0.000000000000E+00  0.000000000000E+00  0.000000000000E+00                      
BODY     EBODY3               POSITIVE  PARAMETERSFALSEFALSEFALSEFALSE          
NONE                NONE                NONE                                    
NONE                NONE                NONE                                    
HIEROBJECT6                                                                     
0.000000000000E+00  0.000000000000E+00  0.000000000000E+00                      
1.9417760460000E-01 8.1103572000000E-04 7.6424184000000E-04 5.0163220000000E-05 
0.000000000000E+00  0.000000000000E+00  0.000000000000E+00                      
0.000000000000E+00  0.000000000000E+00  0.000000000000E+00  FALSE               
0.000000000000E+00  0.000000000000E+00  0.000000000000E+00                      
NCBF     EBODY4_REF           BODY4               PARAMETERSPOSITIVE            
HIEROBJECT7                                                                     
0.000000000000E+00  0.000000000000E+00  0.000000000000E+00                      
BODY     EBODY4               POSITIVE  PARAMETERSFALSEFALSEFALSEFALSE          
NONE                NONE                NONE                                    
NONE                NONE                NONE                                    
HIEROBJECT8                                                                     
0.000000000000E+00  0.000000000000E+00  0.000000000000E+00                      
2.4016907640590E+01 2.8333965994000E-01 2.5463471788000E-01 1.6418351576000E-01 
0.000000000000E+00  0.000000000000E+00  0.000000000000E+00                      
0.000000000000E+00  0.000000000000E+00  0.000000000000E+00  FALSE               
0.000000000000E+00  0.000000000000E+00  0.000000000000E+00                      
NCBF     EBODY5_REF           BODY5               PARAMETERSPOSITIVE            
HIEROBJECT9                                                                     
0.000000000000E+00  0.000000000000E+00  0.000000000000E+00                      
BODY     EBODY5               POSITIVE  PARAMETERSTRUE FALSEFALSEFALSE          
NONE                NONE                NONE                                    
NONE                NONE                NONE                                    
HIEROBJECT10                                                                    
0.000000000000E+00  0.000000000000E+00  0.000000000000E+00                      
1.0000000000000E+00 1.0000000000000E+00 1.0000000000000E+00 1.0000000000000E+00 
0.000000000000E+00  0.000000000000E+00  0.000000000000E+00                      
0.000000000000E+00  0.000000000000E+00  0.000000000000E+00  FALSE               
0.000000000000E+00  0.000000000000E+00  0.000000000000E+00                      
BRACKET  EBRACKET_JOINT1      BODY5               BODY4                         
HIEROBJECT28                                                    0               
HIEROBJECT25                                                                    
0.000000000000E+00  0.000000000000E+00  1.0000000000000E+00                     
0.000000000000E+00  0.000000000000E+00  1.0000000000000E+00                     
1.0000000000000E+00 0.000000000000E+00  0.000000000000E+00                      
1.0000000000000E+00 0.000000000000E+00  0.000000000000E+00                      
REVOLUTE EREVOLUTE_JOINT1     BODY4               BODY3                         
HIEROBJECT26                                                                    
HIEROBJECT21                                                                    
0.000000000000E+00  0.000000000000E+00  1.0000000000000E+00                     
0.000000000000E+00  0.000000000000E+00  1.0000000000000E+00                     
1.0000000000000E+00 0.000000000000E+00  0.000000000000E+00                      
1.0000000000000E+00 0.000000000000E+00  0.000000000000E+00                      
REVOLUTE EREVOLUTE_JOINT2     BODY2               BODY1                         
HIEROBJECT17                                                                    
HIEROBJECT13                                                                    
0.000000000000E+00  0.000000000000E+00  1.0000000000000E+00                     
0.000000000000E+00  0.000000000000E+00  1.0000000000000E+00                     
1.0000000000000E+00 0.000000000000E+00  0.000000000000E+00                      
1.0000000000000E+00 0.000000000000E+00  0.000000000000E+00                      
REVOLUTE EREVOLUTE_JOINT3     BODY4               BODY2                         
HIEROBJECT27                                                                    
HIEROBJECT18                                                                    
0.000000000000E+00  0.000000000000E+00  1.0000000000000E+00                     
0.000000000000E+00  0.000000000000E+00  1.0000000000000E+00                     
1.0000000000000E+00 0.000000000000E+00  0.000000000000E+00                      
1.0000000000000E+00 0.000000000000E+00  0.000000000000E+00                      
TRANS    ETRANS_JOINT1        BODY1               BODY3                         
HIEROBJECT14                                                                    
HIEROBJECT22                                                                    
0.000000000000E+00  0.000000000000E+00  1.0000000000000E+00                     
0.000000000000E+00  0.000000000000E+00  1.0000000000000E+00                     
1.0000000000000E+00 0.000000000000E+00  0.000000000000E+00                      
1.0000000000000E+00 0.000000000000E+00  0.000000000000E+00                      
DRIVER   GDRIVER_JOINT1       NONE                NONE                POSIT     
REL.ANGLE POLYNOMIAL          NONE                REVOLUTE_JOINT3               
0.000000000000E+00  0.000000000000E+00  0.000000000000E+00  NONE                
0.000000000000E+00  0.000000000000E+00  0.000000000000E+00  NONE                
0.000000000000E+00  0.000000000000E+00  1.0000000000000E+00                     
0.000000000000E+00  0.000000000000E+00  1.0000000000000E+00 0.000000000000E+00  
1.0000000000000E+00 0.000000000000E+00  0.000000000000E+00                      
1.0000000000000E+00 0.000000000000E+00  0.000000000000E+00                      
0.000000000000E+00  1.2566370614359E+01 0.000000000000E+00  0.000000000000E+00  
NONE                                                        ACTIV               
UNUSED                                                                          
UNUSED                                                                          
UNUSED                                                                          
UNUSED                                                                          
UNUSED                                                                          
UNUSED                                                                          
UNUSED                                                                          
NAMEMAP   SYSTEM_DATA1        11   11   UTF8 UTF8 ELEMENT                       
Mandatory:1                                                                     
Mandatory:1                                                                     
NAMEMAP   DYNAMIC_DATA1       11   11   UTF8 UTF8 ELEMENT                       
Mandatory:2                                                                     
Mandatory:2                                                                     
NAMEMAP   PRELOAD_DATA1       11   11   UTF8 UTF8 ELEMENT                       
Mandatory:5                                                                     
Mandatory:5                                                                     
NAMEMAP   BODY1               4    4    UTF8 UTF8 ELEMENT                       
B002                                                                            
B002                                                                            
NAMEMAP   BODY1_REF           8    8    UTF8 UTF8 ELEMENT                       
B002_REF                                                                        
B002_REF                                                                        
NAMEMAP   BODY2               4    4    UTF8 UTF8 ELEMENT                       
B003                                                                            
B003                                                                            
NAMEMAP   BODY2_REF           8    8    UTF8 UTF8 ELEMENT                       
B003_REF                                                                        
B003_REF                                                                        
NAMEMAP   BODY3               4    4    UTF8 UTF8 ELEMENT                       
B004                                                                            
B004                                                                            
NAMEMAP   BODY3_REF           8    8    UTF8 UTF8 ELEMENT                       
B004_REF                                                                        
B004_REF                                                                        
NAMEMAP   BODY4               4    4    UTF8 UTF8 ELEMENT                       
B005                                                                            
B005                                                                            
NAMEMAP   BODY4_REF           8    8    UTF8 UTF8 ELEMENT                       
B005_REF                                                                        
B005_REF                                                                        
NAMEMAP   BODY5               10   10   UTF8 UTF8 ELEMENT                       
the_ground                                                                      
the_ground                                                                      
NAMEMAP   BODY5_REF           14   14   UTF8 UTF8 ELEMENT                       
the_ground_REF                                                                  
the_ground_REF                                                                  
NAMEMAP   BRACKET_JOINT1      4    4    UTF8 UTF8 ELEMENT                       
J001                                                                            
J001                                                                            
NAMEMAP   REVOLUTE_JOINT1     4    4    UTF8 UTF8 ELEMENT                       
J002                                                                            
J002                                                                            
NAMEMAP   REVOLUTE_JOINT2     4    4    UTF8 UTF8 ELEMENT                       
J003                                                                            
J003                                                                            
NAMEMAP   REVOLUTE_JOINT3     4    4    UTF8 UTF8 ELEMENT                       
J004                                                                            
J004                                                                            
NAMEMAP   TRANS_JOINT1        4    4    UTF8 UTF8 ELEMENT                       
J005                                                                            
J005                                                                            
NAMEMAP   DRIVER_JOINT1       9    9    UTF8 UTF8 ELEMENT                       
Drv001_RZ                                                                       
Drv001_RZ                                                                       
